0.080000
0.752500
0.371111
0.873333
0.521333
0.720000
0.086667
0.473333
0.273333
0.733333
0.826265
0.700000
0.522667
0.280000
0.766667
0.513506
0.692000
0.286667
0.689444
0.866667
0.313333
0.400000
0.197259
0.368000
0.238667
0.308102
0.142593
0.906667
0.530556
0.866667
0.472727
0.792932
0.806667
0.725333
0.746667
0.720000
0.266667
0.479394
0.980000
0.306078
0.280000
0.880000
0.340000
0.400000
0.106667
0.801821
0.166667
0.193333
0.939598
0.480000
0.480000
0.406667
0.846667
0.779598
0.226296
0.304762
0.146667
0.562672
0.266667
0.246667
0.505926
0.766667
0.760000
0.220000
0.100000
0.780000
0.293333
0.160000
0.160000
0.226667
0.350476
0.873333
0.266667
0.502593
0.483333
0.830840
0.866078
0.852745
0.193333
0.626032
0.153333
0.806667
0.226667
0.872932
0.250667
0.162209
0.409524
0.386667
0.866667
0.727778
0.506667
0.820000
0.700000
0.906667
0.696667
0.726667
0.170667
0.220833
0.773333
0.860000
0.186667
0.820000
0.686667
0.586667
0.384359
0.368784
0.786667
0.293333
0.819412
0.387507
0.450476
0.510667
0.695556
0.933333
0.637460
0.609593
0.806265
0.200000
0.260833
0.913333
0.620000
0.766667
0.760000
0.520000
0.562593
0.940000
0.293333
0.426402
0.453148
0.853333
0.126667
0.633333
0.146667
0.299598
0.349630
0.413333
0.666032
0.226667
0.446667
0.267500
0.351111
0.766667
0.280000
0.286667
0.140000
0.713333
0.846667
0.560000
0.886667
0.227500
0.710794
0.740000
0.500000
0.413333
0.476365
0.160000
0.213333
0.858459
0.460000
0.026667
0.265833
0.406667
0.153143
0.173333
0.820000
0.597692
0.519447
0.747037
0.333333
0.860000
0.686667
0.832745
0.583283
0.133333
0.200000
0.202593
0.539412
0.470476
0.186667
0.879412
0.269259
0.206667
0.440000
0.793333
0.873333
0.699412
0.640000
0.113333
0.379259
0.760000
0.774078
0.186032
0.426667
0.646402
0.532745
0.266667
0.600926
0.946667
0.448783
0.066667
0.819412
0.306667
0.346667
0.497209
0.319394
0.906667
0.196061
0.448889
0.681333
0.573724
0.584043
0.255926
0.260000
0.766078
0.846265
0.920000
0.266667
0.660000
0.175365
0.146667
0.833333
0.286667
0.240000
0.753333
0.751111
0.946667
0.859412
0.505333
0.884444
0.946667
0.286032
0.639365
0.154815
0.173333
0.406667
0.663221
0.300000
0.266667
0.940000
0.355873
0.153333
0.800000
0.573333
0.494667
0.253333
0.300000
0.233333
0.766667
0.306061
0.865000
0.753333
0.200000
0.295394
0.946667
0.286667
0.323876
0.480000
0.557745
0.557454
0.752745
0.620784
0.412698
0.526667
0.192698
0.401667
0.939598
0.302051
0.240000
0.419412
0.510794
0.573333
0.323876
0.306667
0.617692
0.337333
0.160000
0.186667
0.326667
0.633333
0.396614
0.170667
0.919598
0.480000
0.779598
0.206667
0.290000
0.046667
0.913333
0.747407
0.506667
0.466667
0.173333
0.270000
0.606667
0.188481
0.726078
0.676359
0.233333
0.233333
0.866349
0.746667
0.274857
0.460000
0.208333
0.873333
0.937376
0.613333
0.853333
0.733333
0.880000
0.286667
0.485588
0.074815
0.242222
0.246516
0.213333
0.146667
0.160370
0.333333
0.192698
0.473333
0.706667
0.266667
0.260000
0.120000
0.454593
0.280000
0.386667
0.286667
0.300000
0.195365
0.266667
0.180000
0.140000
0.326667
0.713333
0.320000
0.774074
0.237407
0.246667
0.626667
0.457692
0.053333
0.450667
0.140000
0.707444
0.440000
0.330794
0.280333
0.726078
0.534667
0.913333
0.263876
0.186667
0.240000
0.680000
0.315556
0.340000
0.539412
0.912932
0.832745
0.933333
0.280000
0.799048
0.203876
0.213333
0.646078
0.099111
0.952932
0.433333
0.488421
0.673333
0.320708
0.302222
0.433333
0.460000
0.317143
0.792778
0.926667
0.320000
0.054074
0.678777
0.326667
0.333333
0.399556
0.726667
0.621754
0.480000
0.866667
0.360000
0.140000
0.360000
0.786667
0.786667
0.813333
0.113333
0.634111
0.141481
0.377143
0.678889
0.622222
0.146667
0.140000
0.268095
0.302051
0.820000
0.278000
0.597977
0.182593
0.289524
0.919598
0.320000
0.544127
0.080000
0.782857
0.578667
0.227000
0.320000
0.906667
0.694667
0.246667
0.266667
0.540000
0.534286
0.193333
0.719598
0.713333
0.536032
0.508000
0.820000
0.800000
0.288095
0.773333
0.895556
0.604127
0.293333
0.173333
0.280000
0.040000
0.846667
0.748095
0.660000
0.213333
0.119365
0.513333
0.748333
0.932932
0.388000
0.780000
0.620000
0.335556
0.272222
0.748889
0.500000
0.053333
0.251026
0.073333
0.559607
0.593333
0.773333
0.933333
0.193333
0.120000
0.060000
0.680000
0.680000
0.586667
0.833333
0.093333
0.692745
0.343810
0.832932
0.652932
0.326667
0.500655
0.940000
0.536667
0.287037
0.479778
0.339365
0.568333
0.453333
0.473333
0.866667
0.300000
0.286667
0.898667
0.468148
0.153667
0.690667
0.540000
0.800000
0.691026
0.206667
0.620000
0.229051
0.320000
0.777778
0.280000
0.119365
